@classification: class cilabo.fuzzy.classifier.operator.classification.factory.SingleWinnerRuleSelection
If [ 0,  0,  0,  4,  0,  0, 14,  0] Then class:[1] weight:[0.47190137260928644]
If [ 0,  0,  0,  7,  0,  4,  7, 12] Then class:[1] weight:[0.39068000109812717]
If [ 0,  0,  0,  7, 12,  0,  1, 12] Then class:[1] weight:[0.7963464912803548]
If [ 0,  0,  0,  7, 12,  0, 10, 12] Then class:[1] weight:[0.96631766799919]
If [ 0,  0,  2, 10,  0,  7,  0,  8] Then class:[0] weight:[0.33182243404845657]
If [ 0,  0,  2, 11,  0,  0,  3, 10] Then class:[0] weight:[0.6977562827312634]
If [ 0,  0,  4,  0,  0,  3,  0,  0] Then class:[0] weight:[0.6896408601559283]
If [ 0,  0,  4,  0,  7,  0,  8, 12] Then class:[1] weight:[0.610369633969586]
If [ 0,  0,  4,  2,  0,  0,  1,  0] Then class:[0] weight:[0.3144906593983682]
If [ 0,  0,  8,  0,  6,  8, 12,  7] Then class:[1] weight:[0.3196898816483247]
If [ 0,  0, 10,  1, 10,  0,  0, 11] Then class:[1] weight:[0.2598374558287453]
If [ 0,  0, 12,  0,  0,  4, 12, 12] Then class:[1] weight:[0.4554276659123726]
If [ 0,  0, 12,  0,  6,  0,  0, 13] Then class:[0] weight:[0.5843127713460017]
If [ 0,  0, 12,  0,  8,  0,  0,  0] Then class:[1] weight:[0.3422404356928097]
If [ 0,  0, 12,  1,  3,  0,  0, 13] Then class:[0] weight:[0.6589216051398301]
If [ 0,  0, 13,  0,  0,  4,  7, 12] Then class:[1] weight:[0.3129376696466013]
If [ 0,  1,  0,  0,  6,  0,  0, 11] Then class:[0] weight:[0.3944382350431558]
If [ 0,  2,  0,  6,  0, 13,  3,  1] Then class:[1] weight:[0.39428446068080936]
If [ 0,  4,  0,  0,  0,  0,  3,  3] Then class:[0] weight:[0.6176699014883459]
If [ 0,  4,  2,  0,  0,  0,  7,  1] Then class:[0] weight:[0.42030515663324697]
If [ 0,  4,  4,  0,  0, 11,  0, 10] Then class:[0] weight:[0.8843259047460739]
If [ 0,  4, 11,  0,  0,  0,  3,  0] Then class:[0] weight:[0.7158885437988862]
If [ 0,  5,  0,  0,  0,  0,  1, 12] Then class:[1] weight:[0.4276248245916364]
If [ 0,  5,  3,  0,  0,  4,  7,  0] Then class:[1] weight:[0.5935055929036401]
If [ 0,  5,  8,  0,  0,  4,  7,  0] Then class:[1] weight:[0.33153502030061044]
If [ 0,  5, 13,  0,  0,  4,  7, 12] Then class:[1] weight:[0.6097559611508309]
If [ 0,  7,  0,  7,  0,  7, 11,  0] Then class:[0] weight:[0.7470071911480345]
If [ 0,  7,  4,  0,  6,  0,  0, 10] Then class:[0] weight:[0.8453774949101779]
If [ 0,  8,  0,  0,  0,  0,  4,  0] Then class:[0] weight:[0.150857854758217]
If [ 0,  8,  0,  0,  0,  4,  3,  3] Then class:[0] weight:[0.44974025913893967]
If [ 0,  8,  0,  0,  1,  0,  3,  3] Then class:[0] weight:[0.46003157538164263]
If [ 0,  8,  0, 10, 10,  0, 12,  3] Then class:[1] weight:[0.27331185700302696]
If [ 0,  8,  0, 10, 10, 12, 12, 11] Then class:[1] weight:[0.3187993209518265]
If [ 0,  8,  8,  3,  3, 12,  6,  0] Then class:[0] weight:[0.35600373927643125]
If [ 0, 10,  0,  0,  6,  0,  0, 11] Then class:[1] weight:[0.7307483156304697]
If [ 0, 11,  0,  0,  0,  4,  0, 10] Then class:[0] weight:[0.8993587770616679]
If [ 0, 12,  0,  0,  0,  0,  3, 10] Then class:[0] weight:[0.7749549185385631]
If [ 0, 12,  0,  0, 10,  0,  3, 10] Then class:[0] weight:[0.7806350404256734]
If [ 0, 13,  0,  4,  0,  0, 14,  0] Then class:[1] weight:[0.9469866235145005]
If [ 0, 13,  0, 10,  0,  8,  0,  3] Then class:[1] weight:[0.2908504688795195]
If [ 0, 14,  0,  0,  0,  0,  1,  0] Then class:[1] weight:[0.6952832845337562]
If [ 0, 14,  0,  0,  9,  0,  2,  0] Then class:[0] weight:[0.6804718973532227]
If [ 0, 14,  4,  0,  0,  0,  1,  0] Then class:[1] weight:[0.7108380454306984]
If [ 0, 14,  4,  1,  0,  0,  0, 11] Then class:[1] weight:[0.6673301597759652]
If [ 1,  0,  0,  0,  0, 11,  1, 10] Then class:[0] weight:[0.8729599049428223]
If [ 1,  0,  0,  6,  6,  1, 11,  3] Then class:[0] weight:[0.5347593294697746]
If [ 1,  0,  0, 11,  0,  7,  1,  6] Then class:[0] weight:[0.7429650713603547]
If [ 1,  0,  4,  0,  7,  0,  0,  0] Then class:[0] weight:[0.26761788049326873]
If [ 1,  4,  0,  0,  0,  0,  3,  0] Then class:[0] weight:[0.5615182074586604]
If [ 1,  4, 12,  0,  0,  0,  3,  0] Then class:[0] weight:[0.6264464573582154]
If [ 1,  4, 12,  0, 11,  0,  1,  0] Then class:[0] weight:[0.5486898031334699]
If [ 1,  4, 12,  1,  0,  0,  0,  3] Then class:[0] weight:[0.6688035753005748]
If [ 1,  7,  0,  0,  0,  0,  3,  0] Then class:[0] weight:[0.7867789132447367]
If [ 1,  7,  0,  0,  0,  0,  4,  0] Then class:[0] weight:[0.6750991878672263]
If [ 1,  7,  0,  1,  0,  0,  0,  3] Then class:[0] weight:[0.8115099622082661]
If [ 1,  7,  0, 11,  0,  0,  0,  0] Then class:[0] weight:[0.7660995656913838]
If [ 1,  7, 10,  0,  0,  0,  3,  1] Then class:[0] weight:[0.8229947826226225]
If [ 1,  8,  0, 11,  0,  4,  3,  3] Then class:[0] weight:[0.5924731886831162]
If [ 1,  9,  0,  0,  0,  0,  3,  0] Then class:[1] weight:[0.5022847730737688]
If [ 1, 10,  0,  0,  0,  7,  3,  0] Then class:[0] weight:[0.8334429648274118]
If [ 1, 12,  0,  0,  0,  4,  0, 10] Then class:[0] weight:[0.739462799584879]
If [ 1, 13,  6,  0,  6,  0,  0,  3] Then class:[1] weight:[0.7500087286358799]
If [ 1, 14,  4,  0,  0,  0,  7,  0] Then class:[1] weight:[0.7851570515476936]
If [ 3,  8,  0,  0,  0,  9,  0,  6] Then class:[1] weight:[0.47094235601962964]
If [ 4,  0,  0,  0, 11,  0,  0, 14] Then class:[0] weight:[1.0]
If [ 4,  0,  0,  1,  6,  7,  0,  7] Then class:[0] weight:[0.21885458681538483]
If [ 4,  0,  0,  1,  6,  7,  0,  8] Then class:[0] weight:[0.30153956749286814]
If [ 4,  0,  2,  0,  0,  0,  6,  0] Then class:[0] weight:[0.26231298840300676]
If [ 4,  0,  3,  6,  0,  9,  0,  0] Then class:[1] weight:[1.0]
If [ 4,  0,  8,  0,  6,  4, 12,  0] Then class:[1] weight:[0.3552875534366784]
If [ 4,  5, 13,  0,  0,  0,  0,  0] Then class:[1] weight:[0.3314824105767644]
If [ 5,  0,  0,  7,  0,  0,  4, 12] Then class:[1] weight:[0.6474731242554221]
If [ 5,  4,  0,  0, 11,  0,  1,  0] Then class:[1] weight:[0.43459083427044765]
If [ 6,  0,  8,  0,  3, 12,  6,  0] Then class:[0] weight:[0.5639145355633148]
If [ 6,  0, 12,  0,  6, 12,  6, 10] Then class:[0] weight:[0.7263179118614838]
If [ 6,  8,  0,  0,  0,  4,  4,  1] Then class:[0] weight:[0.31275113025852697]
If [ 6,  8,  0,  0,  0, 11,  4,  0] Then class:[0] weight:[0.7453075090353933]
If [ 6,  8, 12,  0,  0,  0, 11,  0] Then class:[0] weight:[0.4585257009917241]
If [ 6, 12,  0,  0,  0,  0,  0, 10] Then class:[0] weight:[0.7716287991518244]
If [ 6, 12,  0,  0,  0,  0,  4,  0] Then class:[0] weight:[0.6366066113516332]
If [ 7,  0,  0,  0,  0,  0,  7,  0] Then class:[0] weight:[0.18842077231853693]
If [ 7,  0,  0, 11,  0,  0,  1,  3] Then class:[0] weight:[0.5280953713784968]
If [ 7,  0,  7, 11,  0,  0,  0,  3] Then class:[0] weight:[0.5942744552916079]
If [ 7,  4,  0,  0,  0,  0,  7,  0] Then class:[0] weight:[0.3692221629403616]
If [ 7,  7,  0,  0,  0,  0,  7,  0] Then class:[0] weight:[0.649379070566185]
If [ 8,  0,  0,  0, 11,  0, 11,  0] Then class:[1] weight:[0.4606318106458066]
If [ 8,  0,  4,  0,  0,  0,  7,  0] Then class:[1] weight:[0.23613848035992935]
If [ 8,  2,  0,  0, 12,  0,  0,  0] Then class:[1] weight:[0.5887397423664527]
If [ 8,  8,  0,  0,  0,  0, 11,  0] Then class:[1] weight:[0.28542927953035946]
If [ 8,  8,  0,  0,  0,  5,  7,  0] Then class:[1] weight:[0.7272294536947012]
If [ 8,  8,  0,  0, 11,  0,  1,  0] Then class:[1] weight:[0.28451073842232844]
If [ 8, 12,  0,  0,  0,  6,  3,  0] Then class:[1] weight:[0.7959194446067394]
If [10,  0,  0,  0,  7,  4,  1,  0] Then class:[0] weight:[0.3744884001301789]
If [10,  0,  4,  0,  0,  3,  0,  0] Then class:[0] weight:[0.8769451638301909]
If [10,  0,  8,  7,  0,  0,  7,  1] Then class:[0] weight:[0.40719854143926837]
If [10,  7,  0,  1,  0,  7,  1,  0] Then class:[0] weight:[0.8862683265951216]
If [10, 12,  0,  3,  0,  0,  1, 10] Then class:[0] weight:[0.8261577284461044]
If [11,  0,  9,  0,  0, 13,  1, 11] Then class:[1] weight:[0.6071711144165646]
If [11,  4,  0,  6,  3,  1,  0,  1] Then class:[0] weight:[0.5704254653964663]
If [12,  0,  0,  7, 12,  0,  0, 12] Then class:[1] weight:[0.8265426960001641]
If [13,  7,  0,  1,  0,  7,  0,  0] Then class:[0] weight:[0.39671399833149157]
If [14,  4,  0,  0,  0,  0, 10,  0] Then class:[1] weight:[0.5664371042064879]

